
=== NQ 2006-2012 (часы ET, слепой лонг) ===
         n  unknown  mean_bp   sd_bp      m      t  mean_usd years_pos
hour                                                                  
19    1591      962    0.640  14.774  0.043  1.729     2.517       5/7
20    1574      979    0.370  17.450  0.021  0.840     0.426       3/7
21    1554      999   -0.134  15.094 -0.009 -0.349    -0.093       4/7
22    1526     1027   -0.557  15.315 -0.036 -1.421    -1.740       2/7
23    1499     1054    0.124  12.981  0.010  0.371     0.417       4/7
0     1445     1108    0.348  14.040  0.025  0.943     1.097       5/7
1     1577      983    1.002  14.820  0.068  2.685     3.611       7/7
2     1718      828    1.179  19.884  0.059  2.458     4.753       6/7
3     1755      798   -0.451  27.531 -0.016 -0.686    -1.288       2/7
4     1766      787    0.212  23.211  0.009  0.383     1.418       5/7
5     1766      787    0.470  21.328  0.022  0.926     2.044       6/7
6     1772      781    1.444  22.390  0.064  2.715     4.828       7/7
7     1772      781   -0.483  24.731 -0.020 -0.821    -1.134       2/7
8     1777      776    0.346  34.976  0.010  0.417     1.095       3/7
9     1781      772   -1.013  53.921 -0.019 -0.793    -4.453       3/7
10    1788      765    0.701  54.688  0.013  0.542     2.120       5/7
11    1750      803    0.399  42.450  0.009  0.393     1.151       4/7
12    1751      802   -0.844  36.511 -0.023 -0.968    -2.439       3/7
13    1735      818   -1.156  41.402 -0.028 -1.163    -3.937       2/7
14    1732      821    1.299  45.902  0.028  1.178     2.953       4/7
15    1725      828    0.504  64.343  0.008  0.325     0.559       4/7
16    1370     1183   -0.598  32.082 -0.019 -0.689    -2.588       4/7

=== NQ 2013-2019 (часы ET, слепой лонг) ===
         n  unknown  mean_bp   sd_bp      m      t  mean_usd years_pos
hour                                                                  
19    1788      768    0.702  10.765  0.065  2.758     7.120       7/7
20    1777      779    0.108  14.850  0.007  0.306     1.398       3/7
21    1775      781    0.478  14.279  0.033  1.411     5.887       5/7
22    1776      780    0.090  13.204  0.007  0.286     2.683       4/7
23    1779      777    0.174   9.888  0.018  0.741     2.282       3/7
0     1777      779    0.517   9.718  0.053  2.243     4.660       6/7
1     1787      776    0.307   9.736  0.032  1.332     3.400       4/7
2     1788      761    1.143  13.073  0.087  3.697     9.720       6/7
3     1794      762   -0.144  19.151 -0.007 -0.318    -2.110       3/7
4     1793      763   -0.016  16.230 -0.001 -0.042    -0.039       3/7
5     1793      763    0.256  14.212  0.018  0.761     4.308       4/7
6     1794      762   -0.064  12.878 -0.005 -0.209    -0.635       3/7
7     1797      759    1.120  15.655  0.072  3.033     9.928       6/7
8     1797      759    0.175  18.454  0.009  0.402     0.782       4/7
9     1795      761    0.781  35.432  0.022  0.933     5.844       4/7
10    1795      761   -0.280  35.877 -0.008 -0.331    -1.877       3/7
11    1787      769    0.639  28.890  0.022  0.935     4.348       5/7
12    1788      768    0.172  24.209  0.007  0.301     0.115       4/7
13    1737      819   -0.379  24.332 -0.016 -0.650    -1.839       3/7
14    1737      819    0.714  29.093  0.025  1.023     4.626       3/7
15    1737      819   -0.052  31.301 -0.002 -0.069    -0.806       4/7
16    1736      820    2.057  19.810  0.104  4.326    21.138       6/7

=== NQ 2020-2026 (часы ET, слепой лонг) ===
         n  unknown  mean_bp   sd_bp      m      t  mean_usd years_pos
hour                                                                  
19    1618      698    0.161  18.856  0.009  0.343     0.763       5/7
20    1619      697    0.558  21.570  0.026  1.040    18.728       5/7
21    1620      696    0.134  23.088  0.006  0.233    10.420       2/7
22    1620      696   -0.481  18.363 -0.026 -1.055   -18.373       2/7
23    1618      698    0.097  14.001  0.007  0.279     7.132       5/7
0     1615      701    0.722  17.870  0.040  1.625     8.217       3/7
1     1614      708    0.665  17.701  0.038  1.510    19.954       7/7
2     1618      691    0.959  20.704  0.046  1.864    22.713       6/7
3     1617      699    0.556  26.565  0.021  0.841    20.186       5/7
4     1619      697    0.130  24.196  0.005  0.215     4.027       4/7
5     1613      703    0.196  19.790  0.010  0.398     3.934       4/7
6     1614      702    0.307  22.329  0.014  0.553     8.594       5/7
7     1620      696   -0.863  24.813 -0.035 -1.400   -16.491       3/7
8     1619      697    0.315  41.101  0.008  0.308     7.674       6/7
9     1616      700    0.956  49.298  0.019  0.780    16.525       4/7
10    1617      699   -1.419  52.719 -0.027 -1.082   -61.398       2/7
11    1617      699    2.531  41.812  0.061  2.434    73.445       6/7
12    1617      699   -0.074  36.978 -0.002 -0.080    -5.696       4/7
13    1564      752    0.174  41.906  0.004  0.164    21.592       4/7
14    1563      753    1.615  37.847  0.043  1.687    35.368       5/7
15    1563      753   -0.382  51.459 -0.007 -0.294   -14.175       3/7
16    1562      754    0.921  27.212  0.034  1.338    26.997       6/7

=== NQ 2021+ (часы ET, слепой лонг) ===
         n  unknown  mean_bp   sd_bp      m      t  mean_usd years_pos
hour                                                                  
19    1359      591   -0.165  16.265 -0.010 -0.375    -5.504       4/6
20    1360      590    0.306  18.656  0.016  0.604    14.757       4/6
21    1361      589    0.182  17.022  0.011  0.394    11.484       2/6
22    1361      589   -0.412  13.980 -0.029 -1.087   -18.699       2/6
23    1359      591    0.524  11.223  0.047  1.720    15.522       5/6
0     1357      593    0.101  11.722  0.009  0.317    -1.065       2/6
1     1357      598    0.521  14.577  0.036  1.316    19.462       6/6
2     1361      583    0.280  17.352  0.016  0.595    12.733       5/6
3     1361      589    0.473  23.769  0.020  0.735    20.614       4/6
4     1361      589    0.044  21.418  0.002  0.076     2.311       3/6
5     1361      589    0.081  17.073  0.005  0.176     2.145       3/6
6     1362      588    0.200  18.450  0.011  0.401     7.195       4/6
7     1362      588   -0.350  22.236 -0.016 -0.582    -7.570       3/6
8     1362      588   -0.224  39.242 -0.006 -0.211     0.672       5/6
9     1359      591    0.663  48.176  0.014  0.508    10.092       3/6
10    1359      591   -1.911  50.162 -0.038 -1.405   -72.829       1/6
11    1359      591    2.256  39.415  0.057  2.110    73.937       5/6
12    1359      591   -0.457  33.270 -0.014 -0.507   -13.168       3/6
13    1314      636    1.173  41.451  0.028  1.026    41.271       4/6
14    1313      637    1.545  35.488  0.044  1.578    35.084       4/6
15    1313      637   -0.511  42.220 -0.012 -0.438   -15.670       2/6
16    1312      638    0.810  25.162  0.032  1.165    23.567       5/6

=== ES 2006-2012 (часы ET, слепой лонг) ===
         n  unknown  mean_bp   sd_bp      m      t  mean_usd years_pos
hour                                                                  
19    1673      880    0.384  15.283  0.025  1.028     2.182       4/7
20    1662      891    0.003  18.008  0.000  0.007    -1.121       3/7
21    1658      895   -0.262  15.325 -0.017 -0.695    -1.025       4/7
22    1655      898   -0.596  16.003 -0.037 -1.516    -3.233       2/7
23    1654      899    0.245  13.703  0.018  0.728     1.111       4/7
0     1589      964    0.387  14.054  0.028  1.097     1.723       5/7
1     1687      873    0.931  14.905  0.062  2.567     5.550       7/7
2     1764      782    1.588  19.772  0.080  3.373     9.488       6/7
3     1766      787   -0.335  27.304 -0.012 -0.516    -2.116       2/7
4     1767      786   -0.095  23.723 -0.004 -0.169    -0.099       4/7
5     1769      784    0.336  21.342  0.016  0.663     2.205       4/7
6     1778      775    1.329  22.643  0.059  2.476     6.735       4/7
7     1779      774   -1.218  24.055 -0.051 -2.135    -5.712       2/7
8     1781      772   -0.067  35.097 -0.002 -0.080     0.140       2/7
9     1781      772   -1.086  41.840 -0.026 -1.096    -7.538       1/7
10    1787      766    0.376  46.977  0.008  0.338     1.217       4/7
11    1748      805   -0.365  36.582 -0.010 -0.418    -1.616       4/7
12    1749      804   -0.236  34.026 -0.007 -0.290    -1.222       4/7
13    1733      820   -0.309  37.346 -0.008 -0.345    -2.517       3/7
14    1730      823    1.201  42.687  0.028  1.170     5.368       5/7
15    1723      830    1.155  65.913  0.018  0.728     4.607       6/7
16    1377     1176   -1.069  22.887 -0.047 -1.733    -6.736       3/7

=== ES 2013-2019 (часы ET, слепой лонг) ===
         n  unknown  mean_bp   sd_bp      m      t  mean_usd years_pos
hour                                                                  
19    1794      762    0.467   9.454  0.049  2.091     4.738       5/7
20    1787      769   -0.128  13.468 -0.010 -0.403    -1.308       3/7
21    1787      769    0.303  12.557  0.024  1.018     4.064       5/7
22    1787      769   -0.081  11.553 -0.007 -0.296     0.434       4/7
23    1788      768    0.121   8.433  0.014  0.609     1.608       3/7
0     1787      769    0.345   8.529  0.041  1.712     3.470       5/7
1     1796      767    0.341   8.474  0.040  1.704     3.932       6/7
2     1796      753    1.073  11.264  0.095  4.039    10.739       6/7
3     1796      760    0.264  16.603  0.016  0.674     2.325       4/7
4     1796      760   -0.004  14.041 -0.000 -0.012    -0.299       4/7
5     1796      760    0.126  12.204  0.010  0.439     2.436       4/7
6     1796      760    0.143  11.819  0.012  0.513     2.011       5/7
7     1799      757    0.630  13.571  0.046  1.969     6.754       6/7
8     1799      757    0.025  16.187  0.002  0.066     0.243       4/7
9     1797      759    0.692  24.846  0.028  1.180     6.977       5/7
10    1797      759   -0.163  26.266 -0.006 -0.264    -2.261       3/7
11    1789      767    0.596  22.922  0.026  1.100     5.324       4/7
12    1790      766    0.466  18.981  0.025  1.039     4.274       5/7
13    1739      817   -0.212  19.424 -0.011 -0.455    -1.826       4/7
14    1739      817    0.462  24.966  0.019  0.772     3.191       4/7
15    1739      817    0.048  27.985  0.002  0.071    -0.201       3/7
16    1738      818    0.895  13.217  0.068  2.822    10.285       7/7

=== ES 2020-2026 (часы ET, слепой лонг) ===
         n  unknown  mean_bp   sd_bp      m      t  mean_usd years_pos
hour                                                                  
19    1624      692   -0.025  16.737 -0.001 -0.060    -2.940       4/7
20    1625      691    0.105  17.626  0.006  0.239     3.246       5/7
21    1625      691    0.092  19.668  0.005  0.188     4.838       2/7
22    1625      691   -0.327  16.408 -0.020 -0.804    -8.677       1/7
23    1624      692    0.188  11.820  0.016  0.642     7.089       5/7
0     1623      693    0.706  16.114  0.044  1.764     6.462       3/7
1     1620      702    0.367  14.459  0.025  1.021     7.886       6/7
2     1621      688    0.609  18.134  0.034  1.351     8.297       4/7
3     1621      695    0.175  22.352  0.008  0.315     5.984       5/7
4     1621      695    0.303  21.040  0.014  0.580     7.866       5/7
5     1615      701    0.241  17.259  0.014  0.561     3.653       3/7
6     1616      700    0.532  21.519  0.025  0.994    10.899       5/7
7     1621      695   -0.797  20.855 -0.038 -1.539   -11.806       2/7
8     1621      695    0.340  34.602  0.010  0.396     1.488       4/7
9     1618      698    0.590  36.786  0.016  0.645    17.862       4/7
10    1618      698   -0.525  40.697 -0.013 -0.519   -18.526       3/7
11    1618      698    1.438  32.876  0.044  1.759    26.731       6/7
12    1618      698    0.387  30.149  0.013  0.516     5.617       5/7
13    1565      751   -0.244  34.716 -0.007 -0.278     4.473       2/7
14    1564      752    1.206  31.805  0.038  1.500    23.106       5/7
15    1564      752   -0.314  44.464 -0.007 -0.279   -10.118       3/7
16    1564      752    0.488  20.193  0.024  0.956    12.348       5/7

=== ES 2021+ (часы ET, слепой лонг) ===
         n  unknown  mean_bp   sd_bp      m      t  mean_usd years_pos
hour                                                                  
19    1365      585   -0.247  12.824 -0.019 -0.710    -6.603       3/6
20    1366      584    0.006  14.599  0.000  0.016     1.601       4/6
21    1366      584    0.167  13.410  0.012  0.462     6.451       2/6
22    1366      584   -0.290  10.967 -0.026 -0.976    -8.904       1/6
23    1365      585    0.514   8.907  0.058  2.132    12.179       5/6
0     1364      586    0.026   9.100  0.003  0.104    -2.154       2/6
1     1361      594    0.327  10.650  0.031  1.132     8.284       5/6
2     1362      582   -0.117  13.702 -0.009 -0.314    -1.349       3/6
3     1362      588    0.202  19.426  0.010  0.384     7.122       4/6
4     1362      588    0.386  16.551  0.023  0.860     9.783       5/6
5     1362      588    0.061  13.709  0.004  0.163     1.349       2/6
6     1363      587    0.339  15.374  0.022  0.814     7.667       4/6
7     1363      587   -0.347  17.479 -0.020 -0.732    -6.319       2/6
8     1363      587   -0.373  30.200 -0.012 -0.456    -7.373       3/6
9     1360      590    1.384  31.526  0.044  1.619    29.733       4/6
10    1360      590   -0.840  36.789 -0.023 -0.842   -22.904       2/6
11    1360      590    1.063  29.710  0.036  1.319    22.767       5/6
12    1360      590   -0.100  25.301 -0.004 -0.146    -0.910       4/6
13    1315      635    0.842  33.539  0.025  0.910    21.245       2/6
14    1314      636    1.170  28.578  0.041  1.484    23.449       4/6
15    1314      636   -0.487  35.506 -0.014 -0.497   -12.167       2/6
16    1314      636    0.591  16.468  0.036  1.300    13.318       5/6

=== YM 2006-2012 (часы ET, слепой лонг) ===
         n  unknown  mean_bp   sd_bp      m      t  mean_usd years_pos
hour                                                                  
19    1256     1297    0.554  15.222  0.036  1.289     3.077       3/6
20    1620      933    0.132  16.607  0.008  0.321     0.031       4/7
21    1612      941   -0.136  13.872 -0.010 -0.394    -0.403       4/7
22    1593      960   -0.338  14.365 -0.024 -0.938    -1.657       3/7
23    1585      968    0.088  12.201  0.007  0.288     0.013       3/7
0     1535     1018    0.564  12.417  0.045  1.779     2.635       6/7
1     1629      931    0.799  13.635  0.059  2.367     4.282       7/7
2     1727      819    1.301  17.223  0.076  3.139     7.119       6/7
3     1741      812   -0.085  23.998 -0.004 -0.148    -0.393       4/7
4     1746      807   -0.067  20.466 -0.003 -0.137    -0.066       4/7
5     1745      808    0.291  18.682  0.016  0.651     1.894       5/7
6     1748      805    1.083  19.286  0.056  2.348     5.312       4/7
7     1754      799   -0.981  21.775 -0.045 -1.886    -4.282       2/7
8     1763      790   -0.479  30.455 -0.016 -0.660    -2.725       2/7
9     1768      785   -0.984  38.623 -0.025 -1.072    -6.287       3/7
10    1771      782    0.602  43.190  0.014  0.587     2.321       3/7
11    1743      810   -0.186  33.567 -0.006 -0.231    -0.525       4/7
12    1746      807   -0.261  31.266 -0.008 -0.349    -1.097       4/7
13    1733      820   -0.260  33.786 -0.008 -0.321    -1.976       3/7
14    1728      825    1.081  39.182  0.028  1.147     4.320       4/7
15    1725      828    1.056  63.006  0.017  0.696     4.267       6/7
16    1462     1091    0.125  19.636  0.006  0.244     0.787       3/7

=== YM 2013-2019 (часы ET, слепой лонг) ===
         n  unknown  mean_bp   sd_bp      m      t  mean_usd years_pos
hour                                                                  
19    1784      772    0.581   9.212  0.063  2.664     5.650       7/7
20    1779      777   -0.061  13.751 -0.004 -0.186    -0.672       4/7
21    1779      777    0.412  11.844  0.035  1.466     4.770       5/7
22    1779      777   -0.064  10.925 -0.006 -0.248     0.545       4/7
23    1780      776    0.163   8.122  0.020  0.845     1.736       3/7
0     1776      780    0.408   8.173  0.050  2.104     3.553       6/7
1     1789      774    0.247   8.290  0.030  1.262     2.521       4/7
2     1790      759    1.004  10.927  0.092  3.887     8.433       6/7
3     1790      766    0.196  16.212  0.012  0.512     1.344       3/7
4     1793      763   -0.275  13.625 -0.020 -0.855    -2.789       3/7
5     1792      764    0.175  11.762  0.015  0.631     2.916       4/7
6     1789      767    0.102  11.460  0.009  0.377     1.129       4/7
7     1793      763    0.520  13.581  0.038  1.620     5.959       6/7
8     1796      760   -0.255  15.805 -0.016 -0.683    -2.358       3/7
9     1794      762    0.674  26.076  0.026  1.095     6.014       5/7
10    1794      762   -0.488  26.004 -0.019 -0.794    -6.842       2/7
11    1786      770    0.576  22.633  0.025  1.076     4.882       5/7
12    1787      769    0.418  18.753  0.022  0.942     3.240       5/7
13    1736      820   -0.042  18.893 -0.002 -0.092     0.216       3/7
14    1736      820    0.375  24.128  0.016  0.647     1.944       3/7
15    1736      820   -0.205  27.296 -0.008 -0.313    -2.166       2/7
16    1735      821    1.540  12.339  0.125  5.199    15.738       7/7

=== YM 2020-2026 (часы ET, слепой лонг) ===
         n  unknown  mean_bp   sd_bp      m      t  mean_usd years_pos
hour                                                                  
19    1629      687    0.043  15.740  0.003  0.111    -1.083       3/7
20    1628      688   -0.028  16.308 -0.002 -0.070    -0.350       5/7
21    1627      689   -0.185  19.242 -0.010 -0.388    -1.500       2/7
22    1626      690   -0.426  15.715 -0.027 -1.094    -7.485       2/7
23    1626      690    0.064  10.865  0.006  0.237     2.371       3/7
0     1625      691    0.666  15.941  0.042  1.683     5.655       3/7
1     1625      697    0.161  13.675  0.012  0.475     2.708       4/7
2     1626      683    0.315  17.524  0.018  0.725     0.467       2/7
3     1625      691    0.147  21.558  0.007  0.276     3.597       4/7
4     1625      691    0.270  18.969  0.014  0.575     2.834       5/7
5     1621      695    0.347  16.441  0.021  0.849     4.880       5/7
6     1622      694    0.498  22.906  0.022  0.876     8.052       5/7
7     1626      690   -0.705  19.686 -0.036 -1.444    -9.188       3/7
8     1625      691    0.293  31.163  0.009  0.379    -0.169       4/7
9     1623      693    0.728  39.579  0.018  0.741    21.189       6/7
10    1626      690   -0.013  38.809 -0.000 -0.013    -1.673       4/7
11    1626      690    1.075  30.951  0.035  1.401    13.871       6/7
12    1626      690    0.343  29.449  0.012  0.470     3.669       5/7
13    1572      744   -0.624  31.639 -0.020 -0.782    -5.455       2/7
14    1571      745    1.132  30.010  0.038  1.495    19.160       6/7
15    1571      745   -0.236  41.876 -0.006 -0.224    -6.795       3/7
16    1570      746    0.665  17.376  0.038  1.515    10.729       5/7

=== YM 2021+ (часы ET, слепой лонг) ===
         n  unknown  mean_bp   sd_bp      m      t  mean_usd years_pos
hour                                                                  
19    1370      580   -0.219  10.935 -0.020 -0.742    -4.704       2/6
20    1370      580   -0.108  12.634 -0.009 -0.315    -1.562       4/6
21    1369      581    0.036  11.696  0.003  0.115     1.381       2/6
22    1369      581   -0.315   9.684 -0.033 -1.203    -6.687       2/6
23    1370      580    0.275   7.649  0.036  1.331     4.832       3/6
0     1368      582   -0.015   7.934 -0.002 -0.068    -1.436       2/6
1     1368      587    0.211   8.726  0.024  0.894     3.812       4/6
2     1368      576   -0.491  12.305 -0.040 -1.476    -9.006       1/6
3     1369      581    0.214  17.665  0.012  0.448     4.898       4/6
4     1369      581    0.093  14.377  0.006  0.240     1.249       4/6
5     1369      581    0.151  12.371  0.012  0.452     2.940       4/6
6     1370      580    0.254  15.212  0.017  0.619     4.445       4/6
7     1370      580   -0.359  15.688 -0.023 -0.846    -6.015       3/6
8     1370      580   -0.498  25.079 -0.020 -0.736    -8.650       3/6
9     1368      582    2.070  32.668  0.063  2.344    38.765       6/6
10    1368      582   -0.150  33.734 -0.004 -0.165    -1.590       3/6
11    1368      582    0.575  27.035  0.021  0.786     8.816       5/6
12    1368      582   -0.064  23.050 -0.003 -0.102    -1.195       4/6
13    1322      628    0.411  30.084  0.014  0.496     7.704       2/6
14    1321      629    1.153  26.033  0.044  1.610    20.083       5/6
15    1321      629   -0.419  30.911 -0.014 -0.493    -8.694       2/6
16    1321      629    0.613  12.516  0.049  1.780     9.220       4/6

=== якорь 08:00-09:00 Europe/Berlin ===
         label      epoch  hour     n  unknown  mean_bp   sd_bp      m      t  mean_usd years_pos
264  NQ Berlin  2006-2012     8  1717      836    1.139  20.649  0.055  2.286     4.525       6/7
265  NQ Berlin  2013-2019     8  1788      768    1.320  13.285  0.099  4.202    11.885       6/7
266  NQ Berlin  2020-2026     8  1617      699    0.620  21.198  0.029  1.176    15.241       4/7
267  NQ Berlin      2021+     8  1361      589   -0.037  17.675 -0.002 -0.077     5.246       3/6
268  ES Berlin  2006-2012     8  1759      794    1.582  20.242  0.078  3.278     9.323       6/7
269  ES Berlin  2013-2019     8  1796      760    1.221  11.487  0.106  4.505    12.416       6/7
270  ES Berlin  2020-2026     8  1621      695    0.302  17.814  0.017  0.683     4.018       2/7
271  ES Berlin      2021+     8  1362      588   -0.264  13.611 -0.019 -0.715    -3.901       1/6
272  YM Berlin  2006-2012     8  1722      831    1.314  17.779  0.074  3.067     7.111       6/7
273  YM Berlin  2013-2019     8  1790      766    1.130  11.185  0.101  4.275     9.665       6/7
274  YM Berlin  2020-2026     8  1624      692    0.020  17.339  0.001  0.047    -3.057       2/7
275  YM Berlin      2021+     8  1368      582   -0.600  12.085 -0.050 -1.836   -10.848       1/6
